Phone timestamp;PP-interval [ms];error estimate [ms];blocker;contact;contact;hr [bpm]
2022-04-25T11:39:41.224;1117;882;1;1;1;0
2022-04-25T11:39:42.341;1135;866;1;1;1;0
2022-04-25T11:39:43.476;1295;705;1;1;1;0
2022-04-25T11:39:44.771;1839;19;1;1;1;0
2022-04-25T11:39:46.279;1165;21;1;1;1;0
2022-04-25T11:39:47.444;1285;29;1;1;1;0
2022-04-25T11:39:48.729;1284;33;1;1;1;0
2022-04-25T11:39:50.013;1223;29;1;1;1;0
2022-04-25T11:39:51.409;1030;24;1;1;1;0
2022-04-25T11:39:52.439;1257;19;1;1;1;0
2022-04-25T11:39:53.696;1278;20;0;1;1;0
2022-04-25T11:39:54.974;1182;20;0;1;1;0
2022-04-25T11:39:56.272;1260;16;0;1;1;0
2022-04-25T11:39:57.532;1252;12;1;1;1;0
2022-04-25T11:39:58.784;1284;14;1;1;1;0
2022-04-25T11:40:00.068;1761;28;1;1;1;0
2022-04-25T11:40:01.309;1263;26;1;1;1;0
2022-04-25T11:40:02.572;1146;28;1;1;1;0
2022-04-25T11:40:03.718;1080;28;0;1;1;0
2022-04-25T11:40:04.798;1214;22;0;1;1;0
2022-04-25T11:40:06.435;1234;18;0;1;1;51
2022-04-25T11:40:07.669;1163;14;0;1;1;51
2022-04-25T11:40:08.832;1188;13;0;1;1;51
2022-04-25T11:40:10.020;1188;14;0;1;1;51
2022-04-25T11:40:11.414;1148;11;0;1;1;0
2022-04-25T11:40:12.562;1162;9;0;1;1;0
2022-04-25T11:40:13.724;1131;9;0;1;1;0
2022-04-25T11:40:14.855;1149;10;1;1;1;0
2022-04-25T11:40:16.425;1197;9;1;1;1;0
2022-04-25T11:40:17.622;1210;8;1;1;1;0
2022-04-25T11:40:18.832;1212;8;0;1;1;0
2022-04-25T11:40:20.044;1182;8;0;1;1;0
2022-04-25T11:40:21.226;1154;7;0;1;1;0
2022-04-25T11:40:21.502;1118;6;0;1;1;55
2022-04-25T11:40:22.620;1045;6;0;1;1;55
2022-04-25T11:40:23.665;945;7;0;1;1;55
2022-04-25T11:40:24.610;1100;6;0;1;1;55
2022-04-25T11:40:26.084;1204;6;0;1;1;53
2022-04-25T11:40:27.288;1167;5;0;1;1;53
2022-04-25T11:40:28.455;1120;5;0;1;1;53
2022-04-25T11:40:29.575;1047;7;0;1;1;53
2022-04-25T11:40:30.622;1166;9;0;1;1;53
2022-04-25T11:40:31.192;1188;8;0;1;1;60
2022-04-25T11:40:32.380;1205;8;0;1;1;60
2022-04-25T11:40:33.585;912;12;0;1;1;60
2022-04-25T11:40:34.497;854;17;0;1;1;60
2022-04-25T11:40:36.315;1199;16;0;1;1;49
2022-04-25T11:40:37.514;1284;18;0;1;1;49
2022-04-25T11:40:38.798;1285;21;0;1;1;49
2022-04-25T11:40:40.083;1197;17;0;1;1;49
2022-04-25T11:40:41.421;1254;14;0;1;1;50
2022-04-25T11:40:42.675;1243;12;0;1;1;50
2022-04-25T11:40:43.918;1198;13;0;1;1;50
2022-04-25T11:40:45.116;1219;14;0;1;1;50
2022-04-25T11:40:46.224;1183;11;0;1;1;48
2022-04-25T11:40:47.407;1185;9;0;1;1;48
2022-04-25T11:40:48.592;1184;9;0;1;1;48
2022-04-25T11:40:49.776;1229;8;0;1;1;48
2022-04-25T11:40:51.323;1283;7;0;1;1;48
2022-04-25T11:40:52.606;1297;7;0;1;1;48
2022-04-25T11:40:53.903;1171;9;0;1;1;48
2022-04-25T11:40:55.074;1229;10;0;1;1;48
2022-04-25T11:40:56.446;1293;8;0;1;1;51
2022-04-25T11:40:57.739;1271;7;0;1;1;51
2022-04-25T11:40:59.010;1247;6;0;1;1;51
2022-04-25T11:41:00.257;1112;6;0;1;1;51
2022-04-25T11:41:01.369;1188;9;0;1;1;51
2022-04-25T11:41:01.255;1264;8;0;1;1;58
2022-04-25T11:41:02.519;1221;7;0;1;1;58
2022-04-25T11:41:03.740;1176;7;0;1;1;58
2022-04-25T11:41:04.916;1008;9;0;1;1;58
2022-04-25T11:41:06.393;889;8;0;1;1;52
2022-04-25T11:41:07.282;1009;7;0;1;1;52
2022-04-25T11:41:08.291;1265;9;0;1;1;52
2022-04-25T11:41:09.556;1287;13;0;1;1;52
2022-04-25T11:41:10.843;1014;16;0;1;1;52
2022-04-25T11:41:11.393;1035;14;0;1;1;51
2022-04-25T11:41:12.428;1290;14;0;1;1;51
2022-04-25T11:41:13.718;1248;18;0;1;1;51
2022-04-25T11:41:14.966;1058;19;0;1;1;51
2022-04-25T11:41:16.423;1199;16;0;1;1;47
2022-04-25T11:41:17.622;1284;13;0;1;1;47
2022-04-25T11:41:18.906;1276;12;0;1;1;47
2022-04-25T11:41:20.182;1264;10;0;1;1;47
2022-04-25T11:41:21.380;1253;8;0;1;1;49
2022-04-25T11:41:22.633;1226;8;0;1;1;49
2022-04-25T11:41:23.859;1224;9;0;1;1;49
2022-04-25T11:41:25.083;1224;9;0;1;1;49
2022-04-25T11:41:26.415;1230;8;0;1;1;53
2022-04-25T11:41:27.645;1110;8;0;1;1;53
2022-04-25T11:41:28.755;959;10;0;1;1;53
2022-04-25T11:41:29.714;1123;10;0;1;1;53
2022-04-25T11:41:31.156;1271;9;0;1;1;61
2022-04-25T11:41:32.427;1207;9;0;1;1;61
2022-04-25T11:41:33.634;1098;10;0;1;1;61
2022-04-25T11:41:34.732;1039;10;0;1;1;61
2022-04-25T11:41:35.771;976;11;0;1;1;61
2022-04-25T11:41:36.202;858;10;0;1;1;51
2022-04-25T11:41:37.060;1049;8;0;1;1;51
2022-04-25T11:41:38.109;1231;7;0;1;1;51
2022-04-25T11:41:39.340;1211;10;0;1;1;51
2022-04-25T11:41:40.551;1132;10;0;1;1;51
2022-04-25T11:41:41.369;1140;9;0;1;1;53
2022-04-25T11:41:42.509;1200;8;0;1;1;53
2022-04-25T11:41:43.709;1160;7;0;1;1;53
2022-04-25T11:41:44.869;1120;6;0;1;1;53
2022-04-25T11:41:46.131;1053;5;0;1;1;52
2022-04-25T11:41:47.184;1005;6;0;1;1;52
2022-04-25T11:41:48.189;1083;8;0;1;1;52
2022-04-25T11:41:49.272;1168;7;0;1;1;52
2022-04-25T11:41:51.261;1203;6;0;1;1;49
2022-04-25T11:41:52.464;1143;6;0;1;1;49
2022-04-25T11:41:53.607;1250;8;0;1;1;49
2022-04-25T11:41:54.857;1240;8;0;1;1;49
2022-04-25T11:41:56.097;1204;7;0;1;1;49
2022-04-25T11:41:56.507;1113;6;0;1;1;52
2022-04-25T11:41:57.620;1055;6;0;1;1;52
2022-04-25T11:41:58.675;1022;8;0;1;1;52
2022-04-25T11:41:59.697;1188;10;0;1;1;52
2022-04-25T11:42:01.436;1242;9;0;1;1;54
2022-04-25T11:42:02.678;1172;8;0;1;1;54
2022-04-25T11:42:03.850;1024;9;0;1;1;54
2022-04-25T11:42:04.874;1076;9;0;1;1;54
2022-04-25T11:42:05.950;1185;8;0;1;1;54
2022-04-25T11:42:06.257;1083;7;0;1;1;53
2022-04-25T11:42:07.340;955;7;0;1;1;53
2022-04-25T11:42:08.295;1091;8;0;1;1;53
2022-04-25T11:42:09.386;1176;8;0;1;1;53
2022-04-25T11:42:06.321;1151;7;0;1;1;0
2022-04-25T11:42:07.472;1134;7;1;1;1;0
2022-04-25T11:42:08.606;964;9;1;1;1;0
2022-04-25T11:42:09.570;967;11;1;1;1;0
2022-04-25T11:42:10.537;920;12;0;1;1;0
2022-04-25T11:42:11.383;856;12;0;1;1;0
2022-04-25T11:42:16.460;940;11;0;1;1;56
2022-04-25T11:42:17.400;1029;9;0;1;1;56
2022-04-25T11:42:18.429;1094;8;0;1;1;56
2022-04-25T11:42:19.523;1086;8;0;1;1;56
2022-04-25T11:42:21.689;1030;7;0;1;1;53
2022-04-25T11:42:22.719;1108;7;0;1;1;53
2022-04-25T11:42:23.827;1221;9;0;1;1;53
2022-04-25T11:42:25.048;1174;10;0;1;1;53
2022-04-25T11:42:26.222;1094;11;0;1;1;53
2022-04-25T11:42:26.386;938;10;0;1;1;51
2022-04-25T11:42:27.324;1107;9;0;1;1;51
2022-04-25T11:42:28.431;1234;10;0;1;1;51
2022-04-25T11:42:29.665;1206;12;0;1;1;51
2022-04-25T11:42:31.521;1089;10;0;1;1;53
2022-04-25T11:42:32.610;1083;10;0;1;1;53
2022-04-25T11:42:33.693;1220;11;0;1;1;53
2022-04-25T11:42:34.913;1148;12;0;1;1;53
2022-04-25T11:42:36.061;1072;12;0;1;1;53
2022-04-25T11:42:36.466;901;11;0;1;1;57
2022-04-25T11:42:37.367;1086;9;0;1;1;57
2022-04-25T11:42:38.453;1291;10;0;1;1;57
2022-04-25T11:42:39.744;1008;11;0;1;1;57
2022-04-25T11:42:41.296;837;414;0;1;1;48
2022-04-25T11:42:42.133;1076;9;0;1;1;48
2022-04-25T11:42:43.209;1282;12;0;1;1;48
2022-04-25T11:42:44.491;1264;15;0;1;1;48
2022-04-25T11:42:46.372;1228;12;0;1;1;49
2022-04-25T11:42:47.600;1104;11;0;1;1;49
2022-04-25T11:42:48.704;1175;13;0;1;1;49
2022-04-25T11:42:49.879;1241;15;0;1;1;49
2022-04-25T11:42:51.120;1222;15;0;1;1;49
2022-04-25T11:42:51.413;1162;12;0;1;1;48
2022-04-25T11:42:52.575;1253;10;0;1;1;48
2022-04-25T11:42:53.828;1287;12;0;1;1;48
2022-04-25T11:42:55.115;1215;13;0;1;1;48
2022-04-25T11:42:56.236;1290;11;0;1;1;49
2022-04-25T11:42:57.526;1236;9;0;1;1;49
2022-04-25T11:42:58.762;1209;11;0;1;1;49
2022-04-25T11:42:59.971;1278;10;0;1;1;49
2022-04-25T11:43:01.368;1210;8;0;1;1;48
2022-04-25T11:43:02.578;1135;8;0;1;1;48
2022-04-25T11:43:03.713;1253;8;0;1;1;48
2022-04-25T11:43:04.966;1282;9;0;1;1;48
2022-04-25T11:43:06.290;1226;8;0;1;1;51
2022-04-25T11:43:07.516;1299;6;0;1;1;51
2022-04-25T11:43:08.815;1218;7;0;1;1;51
2022-04-25T11:43:10.033;1120;9;0;1;1;51
2022-04-25T11:43:11.264;1176;8;0;1;1;50
2022-04-25T11:43:12.440;1134;8;0;1;1;50
2022-04-25T11:43:13.574;1143;9;0;1;1;50
2022-04-25T11:43:14.717;1231;9;0;1;1;50
2022-04-25T11:43:16.313;1191;8;0;1;1;51
2022-04-25T11:43:17.504;1175;8;0;1;1;51
2022-04-25T11:43:18.679;1192;8;0;1;1;51
2022-04-25T11:43:19.871;1197;9;0;1;1;51
2022-04-25T11:43:21.434;1131;7;0;1;1;51
2022-04-25T11:43:22.565;1158;7;0;1;1;51
2022-04-25T11:43:23.723;1209;8;0;1;1;51
2022-04-25T11:43:24.932;1132;9;0;1;1;51
2022-04-25T11:43:26.064;1188;8;0;1;1;51
2022-04-25T11:43:26.302;1180;7;0;1;1;50
2022-04-25T11:43:27.482;1161;5;0;1;1;50
2022-04-25T11:43:28.643;1187;4;0;1;1;50
2022-04-25T11:43:29.830;1230;3;0;1;1;50
2022-04-25T11:43:31.370;1169;3;0;1;1;49
2022-04-25T11:43:32.539;1201;5;0;1;1;49
2022-04-25T11:43:33.740;1162;6;0;1;1;49
2022-04-25T11:43:34.902;1263;6;0;1;1;49
2022-04-25T11:43:36.405;1270;6;0;1;1;55
2022-04-25T11:43:37.675;1227;6;0;1;1;55
2022-04-25T11:43:38.902;1222;7;0;1;1;55
2022-04-25T11:43:40.124;1096;9;0;1;1;55
2022-04-25T11:43:41.399;958;8;0;1;1;48
2022-04-25T11:43:42.357;1025;8;0;1;1;48
2022-04-25T11:43:43.382;1277;12;0;1;1;48
2022-04-25T11:43:44.659;1240;16;0;1;1;48
2022-04-25T11:43:45.899;1253;16;0;1;1;48
2022-04-25T11:43:46.464;1178;14;0;1;1;56
2022-04-25T11:43:47.642;1177;12;0;1;1;56
2022-04-25T11:43:48.819;1148;11;0;1;1;56
2022-04-25T11:43:49.967;1086;11;0;1;1;56
2022-04-25T11:43:51.378;953;10;0;1;1;57
2022-04-25T11:43:52.331;1050;9;0;1;1;57
2022-04-25T11:43:53.381;1197;10;0;1;1;57
2022-04-25T11:43:54.578;1108;11;0;1;1;57
2022-04-25T11:43:55.686;917;12;0;1;1;57
2022-04-25T11:43:56.200;1065;11;0;1;1;60
2022-04-25T11:43:57.265;1244;8;0;1;1;60
2022-04-25T11:43:58.509;1067;8;0;1;1;60
2022-04-25T11:43:59.576;905;9;0;1;1;60
2022-04-25T11:44:00.481;1011;10;0;1;1;60
2022-04-25T11:44:01.188;1107;9;0;1;1;56
2022-04-25T11:44:02.295;1227;8;0;1;1;56
2022-04-25T11:44:03.522;1066;9;0;1;1;56
2022-04-25T11:44:04.588;1000;11;0;1;1;56
2022-04-25T11:44:06.347;1066;9;0;1;1;49
2022-04-25T11:44:07.413;1266;10;0;1;1;49
2022-04-25T11:44:08.679;1128;12;0;1;1;49
2022-04-25T11:44:09.807;1254;10;0;1;1;49
2022-04-25T11:44:11.245;1217;9;0;1;1;53
2022-04-25T11:44:12.462;1177;8;0;1;1;53
2022-04-25T11:44:13.639;1067;9;0;1;1;53
2022-04-25T11:44:14.706;1132;11;0;1;1;53
2022-04-25T11:44:15.838;1172;11;0;1;1;53
2022-04-25T11:44:16.214;1118;10;0;1;1;52
2022-04-25T11:44:17.332;977;9;0;1;1;52
2022-04-25T11:44:18.309;1034;10;0;1;1;52
2022-04-25T11:44:19.343;1169;11;0;1;1;52
2022-04-25T11:44:21.314;1236;9;0;1;1;51
2022-04-25T11:44:22.550;1127;8;0;1;1;51
2022-04-25T11:44:23.677;1115;10;0;1;1;51
2022-04-25T11:44:24.792;1222;12;0;1;1;51
2022-04-25T11:44:26.014;1146;13;0;1;1;51
2022-04-25T11:44:26.299;1097;11;0;1;1;52
2022-04-25T11:44:27.396;1205;10;0;1;1;52
2022-04-25T11:44:28.601;1194;11;0;1;1;52
2022-04-25T11:44:29.795;1142;11;0;1;1;52
2022-04-25T11:44:31.311;1132;9;0;1;1;54
2022-04-25T11:44:32.443;1150;8;0;1;1;54
2022-04-25T11:44:33.593;1178;8;0;1;1;54
2022-04-25T11:44:34.771;1084;8;0;1;1;54
2022-04-25T11:44:36.368;1096;7;0;1;1;56
2022-04-25T11:44:37.464;1224;7;0;1;1;56
2022-04-25T11:44:38.688;1196;9;0;1;1;56
2022-04-25T11:44:39.884;1104;11;0;1;1;56
2022-04-25T11:44:40.988;967;12;0;1;1;56
2022-04-25T11:44:41.414;1088;10;0;1;1;55
2022-04-25T11:44:42.502;1154;8;0;1;1;55
2022-04-25T11:44:43.656;1101;9;0;1;1;55
2022-04-25T11:44:44.757;1034;9;0;1;1;55
2022-04-25T11:44:46.365;1147;8;0;1;1;56
2022-04-25T11:44:47.512;1194;8;0;1;1;56
2022-04-25T11:44:48.706;1029;9;0;1;1;56
2022-04-25T11:44:49.735;993;11;0;1;1;56
2022-04-25T11:44:50.728;1127;12;0;1;1;56
2022-04-25T11:44:51.406;1102;11;0;1;1;51
2022-04-25T11:44:52.508;955;10;0;1;1;51
2022-04-25T11:44:53.463;1140;11;0;1;1;51
2022-04-25T11:44:54.603;1236;10;0;1;1;51
2022-04-25T11:44:56.365;1184;9;0;1;1;54
2022-04-25T11:44:57.549;1076;9;0;1;1;54
2022-04-25T11:44:58.625;1120;10;0;1;1;54
2022-04-25T11:44:59.745;1174;10;0;1;1;54
2022-04-25T11:45:00.919;1094;10;0;1;1;54
2022-04-25T11:45:01.125;1020;8;0;1;1;56
2022-04-25T11:45:02.145;1096;7;0;1;1;56
2022-04-25T11:45:03.241;1155;7;0;1;1;56
2022-04-25T11:45:04.396;1034;8;0;1;1;56
2022-04-25T11:45:06.255;1020;7;0;1;1;54
2022-04-25T11:45:07.275;1267;9;0;1;1;54
2022-04-25T11:45:08.542;1180;13;0;1;1;54
2022-04-25T11:45:09.722;1084;13;0;1;1;54
2022-04-25T11:45:10.806;1032;13;0;1;1;54
2022-04-25T11:45:11.422;1236;11;0;1;1;53
2022-04-25T11:45:12.658;1214;12;0;1;1;53
2022-04-25T11:45:13.872;1115;14;0;1;1;53
2022-04-25T11:45:14.987;1096;14;0;1;1;53
2022-04-25T11:45:16.155;1194;12;0;1;1;52
2022-04-25T11:45:17.349;1155;9;0;1;1;52
2022-04-25T11:45:18.504;1070;9;0;1;1;52
2022-04-25T11:45:19.574;1129;10;0;1;1;52
2022-04-25T11:45:20.703;1206;10;0;1;1;52
2022-04-25T11:45:21.231;1181;8;0;1;1;50
2022-04-25T11:45:22.412;1087;8;0;1;1;50
2022-04-25T11:45:23.499;1131;10;0;1;1;50
2022-04-25T11:45:24.630;1322;12;0;1;1;50
2022-04-25T11:45:26.357;1108;11;0;1;1;51
2022-04-25T11:45:27.465;1032;11;0;1;1;51
2022-04-25T11:45:28.497;1148;12;0;1;1;51
2022-04-25T11:45:29.645;1243;11;0;1;1;51
2022-04-25T11:45:31.274;1146;10;0;1;1;51
2022-04-25T11:45:32.420;1094;9;0;1;1;51
2022-04-25T11:45:33.514;1185;9;0;1;1;51
2022-04-25T11:45:34.699;1165;8;0;1;1;51
2022-04-25T11:45:35.864;1176;9;0;1;1;51
2022-04-25T11:45:36.291;1100;8;0;1;1;52
2022-04-25T11:45:37.391;1160;7;0;1;1;52
2022-04-25T11:45:38.551;1194;8;0;1;1;52
2022-04-25T11:45:39.745;1114;8;0;1;1;52
2022-04-25T11:45:41.387;1134;7;0;1;1;47
2022-04-25T11:45:42.521;1164;7;0;1;1;47
2022-04-25T11:45:43.685;1166;9;0;1;1;47
2022-04-25T11:45:44.851;1354;10;0;1;1;47
2022-04-25T11:45:46.346;1255;8;0;1;1;48
2022-04-25T11:45:47.601;1148;7;0;1;1;48
2022-04-25T11:45:48.749;1255;8;0;1;1;48
2022-04-25T11:45:50.004;1258;9;0;1;1;48
2022-04-25T11:45:51.354;1228;8;0;1;1;50
2022-04-25T11:45:52.582;1146;7;0;1;1;50
2022-04-25T11:45:53.728;1070;9;0;1;1;50
2022-04-25T11:45:54.798;1224;9;0;1;1;50
2022-04-25T11:45:56.416;1312;8;0;1;1;50
2022-04-25T11:45:57.728;1256;8;0;1;1;50
2022-04-25T11:45:58.984;1158;9;0;1;1;50
2022-04-25T11:46:00.142;1151;11;0;1;1;50
2022-04-25T11:46:01.436;1291;9;0;1;1;52
2022-04-25T11:46:02.727;1285;9;0;1;1;52
2022-04-25T11:46:04.012;1253;10;0;1;1;52
2022-04-25T11:46:05.265;1079;11;0;1;1;52
2022-04-25T11:46:06.137;1175;10;0;1;1;68
2022-04-25T11:46:07.312;1297;420;0;1;1;68
2022-04-25T11:46:08.609;1184;8;0;1;1;68
2022-04-25T11:46:09.793;896;11;0;1;1;68
2022-04-25T11:46:10.689;779;14;0;1;1;68
2022-04-25T11:46:11.341;862;12;0;1;1;50
2022-04-25T11:46:12.203;1353;16;0;1;1;50
2022-04-25T11:46:13.556;1394;26;0;1;1;50
2022-04-25T11:46:14.950;1257;27;0;1;1;50
2022-04-25T11:46:16.207;1116;21;0;1;1;50
2022-04-25T11:46:16.429;950;404;0;1;1;44
2022-04-25T11:46:17.379;1272;16;0;1;1;44
2022-04-25T11:46:18.651;1381;22;0;1;1;44
2022-04-25T11:46:21.140;1371;18;0;1;1;49
2022-04-25T11:46:22.511;1323;14;0;1;1;49
2022-04-25T11:46:23.834;1273;14;0;1;1;49
2022-04-25T11:46:25.107;1240;13;0;1;1;49
2022-04-25T11:46:26.264;1188;11;0;1;1;50
2022-04-25T11:46:27.452;1314;9;0;1;1;50
2022-04-25T11:46:28.766;1338;10;0;1;1;50
2022-04-25T11:46:30.104;1275;11;0;1;1;50
2022-04-25T11:46:31.379;993;14;0;1;1;50
2022-04-25T11:46:31.403;866;539;0;1;1;43
2022-04-25T11:46:32.269;1342;15;0;1;1;43
2022-04-25T11:46:33.611;1428;26;0;1;1;43
2022-04-25T11:46:36.290;1380;22;0;1;1;50
2022-04-25T11:46:37.670;1308;15;0;1;1;50
2022-04-25T11:46:38.978;1246;11;0;1;1;50
2022-04-25T11:46:40.224;1176;10;0;1;1;50
2022-04-25T11:46:41.324;1150;8;0;1;1;50
2022-04-25T11:46:42.474;1243;6;0;1;1;50
2022-04-25T11:46:43.717;1212;6;0;1;1;50
2022-04-25T11:46:44.929;1240;8;0;1;1;50
2022-04-25T11:46:46.169;1187;8;0;1;1;50
2022-04-25T11:46:46.302;1196;7;0;1;1;49
2022-04-25T11:46:47.498;1246;6;0;1;1;49
2022-04-25T11:46:48.744;1169;8;0;1;1;49
2022-04-25T11:46:49.913;1238;8;0;1;1;49
2022-04-25T11:46:51.327;1238;7;0;1;1;49
2022-04-25T11:46:52.565;1183;6;0;1;1;49
2022-04-25T11:46:53.748;1217;8;0;1;1;49
2022-04-25T11:46:54.965;1229;9;0;1;1;49
2022-04-25T11:46:56.354;1235;7;0;1;1;49
2022-04-25T11:46:57.589;1293;6;0;1;1;49
2022-04-25T11:46:58.882;1246;6;0;1;1;49
2022-04-25T11:47:00.128;1217;6;0;1;1;49
2022-04-25T11:47:01.425;1152;5;0;1;1;56
2022-04-25T11:47:02.577;1146;5;0;1;1;56
2022-04-25T11:47:03.723;1165;5;0;1;1;56
2022-04-25T11:47:04.888;1095;7;0;1;1;56
2022-04-25T11:47:05.983;953;9;0;1;1;56
2022-04-25T11:47:06.459;1063;8;0;1;1;54
2022-04-25T11:47:07.522;1217;7;0;1;1;54
2022-04-25T11:47:08.739;1174;9;0;1;1;54
2022-04-25T11:47:09.913;1100;10;0;1;1;54
2022-04-25T11:47:11.202;986;9;0;1;1;50
2022-04-25T11:47:12.188;939;8;0;1;1;50
2022-04-25T11:47:13.127;1222;12;0;1;1;50
2022-04-25T11:47:14.349;1242;17;0;1;1;50
2022-04-25T11:47:16.280;1170;14;0;1;1;50
2022-04-25T11:47:17.450;1153;11;0;1;1;50
2022-04-25T11:47:18.603;1131;10;0;1;1;50
2022-04-25T11:47:19.734;1147;10;0;1;1;50
2022-04-25T11:47:20.881;1250;11;0;1;1;50
2022-04-25T11:47:21.466;1203;9;0;1;1;53
2022-04-25T11:47:22.669;1194;8;0;1;1;53
2022-04-25T11:47:23.863;1132;8;0;1;1;53
2022-04-25T11:47:24.995;1140;9;0;1;1;53
2022-04-25T11:47:26.156;1128;7;0;1;1;53
2022-04-25T11:47:27.284;1056;7;0;1;1;53
2022-04-25T11:47:28.340;1131;7;0;1;1;53
2022-04-25T11:47:29.471;1188;7;0;1;1;53
2022-04-25T11:47:30.659;1109;8;0;1;1;53
2022-04-25T11:47:31.244;1082;7;0;1;1;55
2022-04-25T11:47:32.326;1142;5;0;1;1;55
2022-04-25T11:47:33.468;1096;5;0;1;1;55
2022-04-25T11:47:34.564;1072;7;0;1;1;55
2022-04-25T11:47:36.429;1058;6;0;1;1;56
2022-04-25T11:47:37.487;1158;6;0;1;1;56
2022-04-25T11:47:38.645;1137;8;0;1;1;56
2022-04-25T11:47:39.782;1014;9;0;1;1;56
2022-04-25T11:47:40.796;1033;10;0;1;1;56
2022-04-25T11:47:41.242;1237;10;0;1;1;56
2022-04-25T11:47:42.479;1170;10;0;1;1;56
2022-04-25T11:47:43.649;1179;11;0;1;1;56
2022-04-25T11:47:44.828;1021;12;0;1;1;56
2022-04-25T11:47:46.252;946;10;0;1;1;54
2022-04-25T11:47:47.198;1022;9;0;1;1;54
2022-04-25T11:47:48.220;1168;9;0;1;1;54
2022-04-25T11:47:49.388;1091;11;0;1;1;54
2022-04-25T11:47:50.479;1096;11;0;1;1;54
2022-04-25T11:47:51.415;1132;9;0;1;1;55
2022-04-25T11:47:52.547;1147;7;0;1;1;55
2022-04-25T11:47:53.694;1133;6;0;1;1;55
2022-04-25T11:47:54.827;1098;7;0;1;1;55
2022-04-25T11:47:56.414;1010;6;0;1;1;53
2022-04-25T11:47:57.424;1103;6;0;1;1;53
2022-04-25T11:47:58.527;1211;7;0;1;1;53
2022-04-25T11:47:59.738;1126;8;0;1;1;53
2022-04-25T11:48:00.864;1091;7;0;1;1;53
2022-04-25T11:48:01.424;1094;6;0;1;1;57
2022-04-25T11:48:02.518;1085;7;0;1;1;57
2022-04-25T11:48:03.603;922;9;0;1;1;57
2022-04-25T11:48:04.525;998;11;0;1;1;57
2022-04-25T11:48:05.523;1241;12;0;1;1;57
2022-04-25T11:48:06.345;1107;11;0;1;1;53
2022-04-25T11:48:07.452;988;9;0;1;1;53
2022-04-25T11:48:08.440;1006;10;0;1;1;53
2022-04-25T11:48:09.446;1202;13;0;1;1;53
